2497205182
16118515083
24239105118
21622021157
641011928
20625116890
7012477131
9814516160
1.28118E +11
1737324126
16118515151
66250190120
6423453198
20421156194
6992201225
241765174
74323223
2423319917
67149199190

71141238162
2062843121
67171198130
7223011986
7611279186
249814958
63214229104
9932172166
20825568245
72205253181
66838960
2.09113E+11
249923124
65191137179
981928247
671296918
7582109157
9624022139
98209110169

76178179150
991821939
65113235172
9624621574
9936177135
6851206114
671868522
961928214
9819615983
7419716119
9811363244
7121711630
6425197111
6912230153
16289047
6912123482
7219913471
692437757
98239136178

746558144
9622794245
988067233
665323794
70135107232
64184143172
691541771
6912746172
24101150247
7121519812
681967340
75253111195
6682912
99182199136
7563130112
714947252
876945
9865194201
20523823972

681024851
6812132216
2. 0725E +11
6718517557
6914971206
758410719
66658698
7413721069
6921025041
692549143
2.07144E+11
241863987
7017323940
7220078119

68157118199
7011924818
12179239181
121686143
7517538231

20613013122
2161577186
2076224750
70226121
98217215126
68414397
25514104
71185198
981613174
71158167179
2481219
661738831
1628318156
66207225130
67182219241
99188868
681617520
652421118
4004010

24116159135
2418777206
20717217124
716410481
7424021147
751384850
68759154
7522818
9915980132
69242222175
982447242
9831475
66176249
24637252
64917974
753511479
7149174196
98219188250
7612176137

676015150
67242361
6971117124
677614635
206318042
68165119250
72197108176
21618718210
657869127
72240136153
65822425
6717411588
6911818427
6624948183
6431236225
69230186193
97119151112
1401987399
245898136

68585641
17310212117
7436197129
6716313199
992117133
7283107153
712136013
9823132125
741333579
76114126124
681862143
72147214217
69121187233
995814541
6988109218
6811214236
173197222
9821

651902140
70234195239
20234195239
7417712357
2098622636
71966653
991371159
666762195
7025112950
74177135132
6819621874
762055212

76

220143851
220126969
220136584
220160553
220168096
220170153
220176229
220177745

   
 
 
     
     

272148619
272147548
271758098
264597044
2721487%
272146381
2721487%
272148619
272147815

272952671 ,

